    21    21     1
 2.87971e-06 -5.80212e-07  9.96297e-08 -5.49807e-07  1.12079e-06  1.23933e-07  5.27765e-07  5.21845e-07  6.51661e-07  7.84798e-07 -3.13592e-07 -9.32354e-07 -6.40574e-08 -1.75122e-06 -1.14879e-06 -9.63958e-07 -7.80298e-07  3.56465e-07 -4.19205e-07 -2.28283e-07 -6.61264e-07
-5.80212e-07  2.78179e-06  6.35313e-07 -8.44604e-07 -1.51378e-06  2.39902e-07 -1.14038e-07 -1.55511e-06 -6.15892e-07   4.9942e-08  5.18355e-07  3.51404e-08 -1.37172e-06  1.02609e-06  8.26597e-07   5.1813e-07 -9.91043e-07  2.97927e-07  1.79923e-07  3.25168e-07   7.7922e-08
 9.96297e-08  6.35313e-07  3.09892e-06 -3.64346e-07 -3.99467e-07  2.57778e-07 -9.28736e-07  -1.8515e-06 -8.36316e-07 -7.82294e-07 -7.77282e-07  3.22178e-07  4.28568e-07  9.76114e-07  1.48201e-06   8.1375e-07 -2.44355e-07 -5.78447e-07 -6.13688e-08 -1.13998e-06  6.21059e-07
-5.49807e-07 -8.44604e-07 -3.64346e-07  2.21763e-06  4.58139e-07 -6.16254e-08   2.3848e-07  1.41394e-07  9.35536e-08  -6.7759e-08 -2.30775e-07  6.51896e-07   6.7678e-07 -3.86415e-07  1.37622e-07 -2.13887e-07  5.14115e-07 -5.12019e-07  3.63236e-08 -3.98055e-07  1.14792e-06
 1.12079e-06 -1.51378e-06 -3.99467e-07  4.58139e-07  4.12772e-06 -8.22918e-07  5.14406e-07  8.56868e-07 -2.89953e-08  1.29827e-06 -1.24447e-06  5.71485e-07   6.4835e-07 -2.29506e-06 -1.77914e-06 -1.00409e-06  4.29291e-07 -1.08373e-09 -1.61843e-07 -1.30284e-06  1.91393e-07
 1.23933e-07  2.39902e-07  2.57778e-07 -6.16254e-08 -8.22918e-07  3.22234e-06 -6.28887e-07 -4.85527e-07  2.96037e-07  -1.2553e-06  8.06832e-07    -6.81e-07 -4.85016e-07  7.36117e-07   5.5173e-07 -5.49585e-07 -6.43936e-07 -6.86706e-07  2.96449e-07  3.73406e-07  6.82688e-07
 5.27765e-07 -1.14038e-07 -9.28736e-07   2.3848e-07  5.14406e-07 -6.28887e-07  3.39028e-06  7.06585e-07 -5.29898e-07   6.6701e-07  1.81251e-07 -1.00356e-07 -9.13909e-07 -1.64623e-06 -1.47673e-06 -4.28991e-07  9.94981e-08  4.30601e-07 -1.39108e-07  3.91984e-07  3.13111e-07
 5.21845e-07 -1.55511e-06  -1.8515e-06  1.41394e-07  8.56868e-07 -4.85527e-07  7.06585e-07  4.56182e-06   7.8962e-07  5.71834e-07  3.11254e-07 -3.76884e-07 -4.77603e-08 -2.63837e-06 -2.06013e-06 -2.15505e-06  2.44164e-07  9.27259e-07 -2.35637e-08  1.14436e-06 -6.51786e-07
 6.51661e-07 -6.15892e-07 -8.36316e-07  9.35536e-08 -2.89953e-08  2.96037e-07 -5.29898e-07   7.8962e-07  3.12631e-06 -5.88818e-07 -7.43253e-07 -7.92389e-07  4.83905e-07  1.40967e-07 -6.90725e-07 -1.94414e-07 -5.19799e-07 -5.70047e-08  5.23417e-08  4.28354e-07 -6.98509e-07
 7.84798e-07   4.9942e-08 -7.82294e-07  -6.7759e-08  1.29827e-06  -1.2553e-06   6.6701e-07  5.71834e-07 -5.88818e-07  4.09364e-06 -5.53711e-08 -2.47206e-08 -4.27082e-07  -1.7752e-06 -2.23566e-06 -1.54214e-06 -7.64502e-07   7.1487e-07 -1.34584e-07   1.4787e-08 -8.54146e-07
-3.13592e-07  5.18355e-07 -7.77282e-07 -2.30775e-07 -1.24447e-06  8.06832e-07  1.81251e-07  3.11254e-07 -7.43253e-07 -5.53711e-08  3.03359e-06 -4.22856e-07 -1.10849e-06   1.9942e-07 -4.03342e-07 -8.49145e-07  -8.8015e-07  4.96784e-07  5.91388e-08  9.43575e-07 -3.78085e-07
-9.32354e-07  3.51404e-08  3.22178e-07  6.51896e-07  5.71485e-07    -6.81e-07 -1.00356e-07 -3.76884e-07 -7.92389e-07 -2.47206e-08 -4.22856e-07  2.63645e-06  7.43638e-08  -1.9027e-07  3.90316e-07 -1.85508e-07  4.64811e-07 -3.55767e-07  2.08374e-07 -1.11328e-06  7.14586e-07
-6.40574e-08 -1.37172e-06  4.28568e-07   6.7678e-07   6.4835e-07 -4.85016e-07 -9.13909e-07 -4.77603e-08  4.83905e-07 -4.27082e-07 -1.10849e-06  7.43638e-08  2.86323e-06  5.53972e-07  4.47138e-07  4.12995e-07  9.93428e-07 -8.40749e-07 -1.70393e-07 -9.97555e-07  6.46882e-07
-1.75122e-06  1.02609e-06  9.76114e-07 -3.86415e-07 -2.29506e-06  7.36117e-07 -1.64623e-06 -2.63837e-06  1.40967e-07  -1.7752e-06   1.9942e-07  -1.9027e-07  5.53972e-07  5.60709e-06  2.41558e-06  2.68496e-06  4.95706e-07 -1.50137e-06 -3.07172e-09 -2.53341e-07  1.31765e-06
-1.14879e-06  8.26597e-07  1.48201e-06  1.37622e-07 -1.77914e-06   5.5173e-07 -1.47673e-06 -2.06013e-06 -6.90725e-07 -2.23566e-06 -4.03342e-07  3.90316e-07  4.47138e-07  2.41558e-06  4.01542e-06  1.92083e-06  4.15763e-07  -8.0544e-07  1.68757e-07 -5.51461e-07  1.17556e-06
-9.63958e-07   5.1813e-07   8.1375e-07 -2.13887e-07 -1.00409e-06 -5.49585e-07 -4.28991e-07 -2.15505e-06 -1.94414e-07 -1.54214e-06 -8.49145e-07 -1.85508e-07  4.12995e-07  2.68496e-06  1.92083e-06  3.87819e-06  9.99816e-07 -6.83547e-07 -2.47183e-07 -6.25755e-07  6.62506e-07
-7.80298e-07 -9.91043e-07 -2.44355e-07  5.14115e-07  4.29291e-07 -6.43936e-07  9.94981e-08  2.44164e-07 -5.19799e-07 -7.64502e-07  -8.8015e-07  4.64811e-07  9.93428e-07  4.95706e-07  4.15763e-07  9.99816e-07  2.69265e-06 -3.97049e-07 -1.69288e-07  -2.5174e-07  1.01951e-06
 3.56465e-07  2.97927e-07 -5.78447e-07 -5.12019e-07 -1.08373e-09 -6.86706e-07  4.30601e-07  9.27259e-07 -5.70047e-08   7.1487e-07  4.96784e-07 -3.55767e-07 -8.40749e-07 -1.50137e-06  -8.0544e-07 -6.83547e-07 -3.97049e-07  2.24217e-06 -2.11389e-07    6.074e-07 -6.77124e-07
-4.19205e-07  1.79923e-07 -6.13688e-08  3.63236e-08 -1.61843e-07  2.96449e-07 -1.39108e-07 -2.35637e-08  5.23417e-08 -1.34584e-07  5.91388e-08  2.08374e-07 -1.70393e-07 -3.07172e-09  1.68757e-07 -2.47183e-07 -1.69288e-07 -2.11389e-07  8.12995e-07  7.43363e-08  2.93206e-07
-2.28283e-07  3.25168e-07 -1.13998e-06 -3.98055e-07 -1.30284e-06  3.73406e-07  3.91984e-07  1.14436e-06  4.28354e-07   1.4787e-08  9.43575e-07 -1.11328e-06 -9.97555e-07 -2.53341e-07 -5.51461e-07 -6.25755e-07  -2.5174e-07    6.074e-07  7.43363e-08  2.61818e-06 -2.68832e-07
-6.61264e-07   7.7922e-08  6.21059e-07  1.14792e-06  1.91393e-07  6.82688e-07  3.13111e-07 -6.51786e-07 -6.98509e-07 -8.54146e-07 -3.78085e-07  7.14586e-07  6.46882e-07  1.31765e-06  1.17556e-06  6.62506e-07  1.01951e-06 -6.77124e-07  2.93206e-07 -2.68832e-07  4.27384e-06
* row and column names
diff_coef
fsed_oxy1
fsed_oxy2
fsed_oxy3
fsed_oxy4
gamma_max
kch4ox
kch4oxs
kch4ox_diff
kpocox_sed
ksed_oxy
phi
rch4ox
rch4oxs
rpoc_resp
sed_z
theta_ch4oxs
theta_pocr
thsed_oxy
vtch4ox
z_dbl
